startTime=[2020-6-4 13:56:54:401] cbRatio=1.2 reelRatio=1.6 pfRatio=4.44 fhRatio=3.94
format:time carvl carvw cbv cbvNew cbI reelv reelvNew reelI pfv pfvNew pfI fhv fhvNew fhI
[2020-6-4 13:56:54:401] 0.000 0.000 0 656 0.000 0 787 0.000 0 787 0.000 0 909 0.000
[2020-6-4 13:56:54:420] 0.000 0.000 0 656 0.000 0 787 0.000 0 787 0.000 0 909 0.000
[2020-6-4 13:56:54:439] 0.000 0.000 0 656 0.000 0 787 0.000 0 787 0.000 0 909 0.000
[2020-6-4 13:56:54:458] 0.000 0.000 0 656 0.000 0 787 0.000 0 787 0.000 0 909 0.000
[2020-6-4 13:56:54:477] 0.000 0.000 0 656 0.000 0 787 0.000 0 787 0.000 0 909 0.000
[2020-6-4 13:56:54:496] 0.000 0.000 0 656 0.000 0 787 0.000 0 787 0.000 0 909 0.000
[2020-6-4 13:56:54:514] 0.000 0.000 0 656 0.000 0 787 0.000 0 787 0.000 0 909 0.000
[2020-6-4 13:56:54:533] 0.000 0.000 0 656 0.000 0 787 0.000 0 787 0.000 0 909 0.000
[2020-6-4 13:56:54:552] 0.000 0.000 0 656 0.000 0 787 0.000 0 787 0.000 0 909 0.000
[2020-6-4 13:56:54:570] 0.000 0.000 0 656 0.000 0 787 0.000 0 787 0.000 0 909 0.000
[2020-6-4 13:56:54:589] 0.000 0.000 0 656 0.000 0 787 0.000 0 787 0.000 0 909 0.000
[2020-6-4 13:56:54:608] 0.000 0.000 0 656 0.000 0 787 0.000 0 787 0.000 0 909 0.000
[2020-6-4 13:56:54:626] 0.000 0.000 0 656 0.000 0 787 0.000 0 787 0.000 0 909 0.000
[2020-6-4 13:56:54:645] 0.000 0.000 0 656 0.000 0 787 0.000 0 787 0.000 0 909 0.000
[2020-6-4 13:56:54:664] 0.000 0.000 0 656 0.000 0 787 0.000 0 787 0.000 0 909 0.000
[2020-6-4 13:56:54:683] 0.000 0.000 0 656 0.000 0 787 0.000 0 787 0.000 0 909 0.000
[2020-6-4 13:56:54:702] 0.000 0.000 0 656 0.000 0 787 0.000 0 787 0.000 0 909 0.000
[2020-6-4 13:56:54:721] 0.000 0.000 0 656 0.000 0 787 0.000 0 787 0.000 0 909 0.000
[2020-6-4 13:56:54:740] 0.000 0.000 0 656 0.000 0 787 0.000 0 787 0.000 0 909 0.000
[2020-6-4 13:56:54:760] 0.000 0.000 0 656 0.000 0 787 0.000 0 787 0.000 0 909 0.000
[2020-6-4 13:56:54:778] 0.000 0.000 0 656 0.000 0 787 0.000 0 787 0.000 0 909 0.000
[2020-6-4 13:56:54:797] 0.000 0.000 0 656 0.000 0 787 0.000 0 787 0.000 0 909 0.000
[2020-6-4 13:56:54:817] 0.000 0.000 0 656 0.000 0 787 0.000 0 787 0.000 0 909 0.000
[2020-6-4 13:56:54:836] 0.000 0.000 0 656 0.000 0 787 0.000 0 787 0.000 0 909 0.000
[2020-6-4 13:56:54:855] 0.000 0.000 0 656 0.000 0 787 0.000 0 787 0.000 0 909 0.000
[2020-6-4 13:56:54:874] 0.000 0.000 0 656 0.000 0 787 0.000 0 787 0.000 0 909 0.000
[2020-6-4 13:56:54:892] 0.000 0.000 0 656 0.000 0 787 0.000 0 787 0.000 0 909 0.000
[2020-6-4 13:56:54:912] 0.000 0.000 0 656 0.000 0 787 0.000 0 787 0.000 0 909 0.000
[2020-6-4 13:56:54:931] 0.000 0.000 0 656 0.000 0 787 0.000 0 787 0.000 0 909 0.000
[2020-6-4 13:56:54:950] 0.000 0.000 0 656 0.000 0 787 0.000 0 787 0.000 0 909 0.000
[2020-6-4 13:56:54:969] 0.000 0.000 0 656 0.000 0 787 0.000 0 787 0.000 0 909 0.000
[2020-6-4 13:56:54:988] 0.000 0.000 0 656 0.000 0 787 0.000 0 787 0.000 0 909 0.000
[2020-6-4 13:56:55:7] 0.000 0.000 0 656 0.000 0 787 0.000 0 787 0.000 0 909 0.000
[2020-6-4 13:56:55:26] 0.000 0.000 0 656 0.000 0 787 0.000 0 787 0.000 0 909 0.000
[2020-6-4 13:56:55:45] 0.000 0.000 0 656 0.000 0 787 0.000 0 787 0.000 0 909 0.000
[2020-6-4 13:56:55:65] 0.000 0.000 0 656 0.000 0 787 0.000 0 787 0.000 0 909 0.000
[2020-6-4 13:56:55:84] 0.000 0.000 0 656 0.000 0 787 0.000 0 787 0.000 0 909 0.000
[2020-6-4 13:56:55:103] 0.000 0.000 0 656 0.000 0 787 0.000 0 787 0.000 0 909 0.000
[2020-6-4 13:56:55:122] 0.000 0.000 0 656 0.000 0 787 0.000 0 787 0.000 0 909 0.000
[2020-6-4 13:56:55:141] 0.000 0.000 0 656 0.000 0 787 0.000 0 787 0.000 0 909 0.000
[2020-6-4 13:56:55:160] 0.000 0.000 0 656 0.000 0 787 0.000 0 787 0.000 0 909 0.000
[2020-6-4 13:56:55:179] 0.000 0.000 0 656 0.000 0 787 0.000 0 787 0.000 0 909 0.000
[2020-6-4 13:56:55:199] 0.000 0.000 0 656 0.000 0 787 0.000 0 787 0.000 0 909 0.000
[2020-6-4 13:56:55:217] 0.000 0.000 0 656 0.000 0 787 0.000 0 787 0.000 0 909 0.000
[2020-6-4 13:56:55:236] 0.000 0.000 0 656 0.000 0 787 0.000 0 787 0.000 0 909 0.000
[2020-6-4 13:56:55:255] 0.000 0.000 0 656 0.000 0 787 0.000 0 787 0.000 0 909 0.000
[2020-6-4 13:56:55:274] 0.000 0.000 0 656 0.000 0 787 0.000 0 787 0.000 0 909 0.000
[2020-6-4 13:56:55:294] 0.000 0.000 0 656 0.000 0 787 0.000 0 787 0.000 0 909 0.000
[2020-6-4 13:56:55:313] 0.000 0.000 0 656 0.000 0 787 0.000 0 787 0.000 0 909 0.000
[2020-6-4 13:56:55:332] 0.000 0.000 0 656 0.000 0 787 0.000 0 787 0.000 0 909 0.000
[2020-6-4 13:56:55:351] 0.000 0.000 0 656 0.000 0 787 0.000 0 787 0.000 0 909 0.000
[2020-6-4 13:56:55:370] 0.000 0.000 0 656 0.000 0 787 0.000 0 787 0.000 0 909 0.000
[2020-6-4 13:56:55:389] 0.000 0.000 0 656 0.000 0 787 0.000 0 787 0.000 0 909 0.000
[2020-6-4 13:56:55:408] 0.000 0.000 0 656 0.000 0 787 0.000 0 787 0.000 0 909 0.000
[2020-6-4 13:56:55:427] 0.000 0.000 0 656 0.000 0 787 0.000 0 787 0.000 0 909 0.000
[2020-6-4 13:56:55:446] 0.000 0.000 0 656 0.000 0 787 0.000 0 787 0.000 0 909 0.000
[2020-6-4 13:56:55:466] 0.000 0.000 0 656 0.000 0 787 0.000 0 787 0.000 0 909 0.000
[2020-6-4 13:56:55:484] 0.000 0.000 0 656 0.000 0 787 0.000 0 787 0.000 0 909 0.000
[2020-6-4 13:56:55:503] 0.000 0.000 0 656 0.000 0 787 0.000 0 787 0.000 0 909 0.000
[2020-6-4 13:56:55:522] 0.000 0.000 0 656 0.000 0 787 0.000 0 787 0.000 0 909 0.000
[2020-6-4 13:56:55:541] 0.000 0.000 0 656 0.000 0 787 0.000 0 787 0.000 0 909 0.000
[2020-6-4 13:56:55:560] 0.000 0.000 0 656 0.000 0 787 0.000 0 787 0.000 0 909 0.000
[2020-6-4 13:56:55:579] 0.000 0.000 0 656 0.000 0 787 0.000 0 787 0.000 0 909 0.000
[2020-6-4 13:56:55:598] 0.000 0.000 0 656 0.000 0 787 0.000 0 787 0.000 0 909 0.000
[2020-6-4 13:56:55:617] 0.000 0.000 0 656 0.000 0 787 0.000 0 787 0.000 0 909 0.000
[2020-6-4 13:56:55:636] 0.000 0.000 0 656 0.000 0 787 0.000 0 787 0.000 0 909 0.000
[2020-6-4 13:56:55:655] 0.000 0.000 0 656 0.000 0 787 0.000 0 787 0.000 0 909 0.000
[2020-6-4 13:56:55:674] 0.000 0.000 0 656 0.000 0 787 0.000 0 787 0.000 0 909 0.000
[2020-6-4 13:56:55:694] 0.000 0.000 0 656 0.000 0 787 0.000 0 787 0.000 0 909 0.000
[2020-6-4 13:56:55:713] 0.000 0.000 0 656 0.000 0 787 0.000 0 787 0.000 0 909 0.000
[2020-6-4 13:56:55:732] 0.000 0.000 0 656 0.000 0 787 0.000 0 787 0.000 0 909 0.000
[2020-6-4 13:56:55:751] 0.000 0.000 0 656 0.000 0 787 0.000 0 787 0.000 0 909 0.000
[2020-6-4 13:56:55:770] 0.000 0.000 0 656 0.000 0 787 0.000 0 787 0.000 0 909 0.000
[2020-6-4 13:56:55:789] 0.000 0.000 0 656 0.000 0 787 0.000 0 787 0.000 0 909 0.000
[2020-6-4 13:56:55:808] 0.000 0.000 0 656 0.000 0 787 0.000 0 787 0.000 0 909 0.000
[2020-6-4 13:56:55:827] 0.000 0.000 0 656 0.000 0 787 0.000 0 787 0.000 0 909 0.000
[2020-6-4 13:56:55:846] 0.000 0.000 0 656 0.000 0 787 0.000 0 787 0.000 0 909 0.000
[2020-6-4 13:56:55:865] 0.000 0.000 0 656 0.000 0 787 0.000 0 787 0.000 0 909 0.000
[2020-6-4 13:56:55:884] 0.000 0.000 0 656 0.000 0 787 0.000 0 787 0.000 0 909 0.000
[2020-6-4 13:56:55:903] 0.000 0.000 0 656 0.000 0 787 0.000 0 787 0.000 0 909 0.000
[2020-6-4 13:56:55:922] 0.000 0.000 0 656 0.000 0 787 0.000 0 787 0.000 0 909 0.000
[2020-6-4 13:56:55:941] 0.000 0.000 0 656 0.000 0 787 0.000 0 787 0.000 0 909 0.000
[2020-6-4 13:56:55:960] 0.000 0.000 0 656 0.000 0 787 0.000 0 787 0.000 0 909 0.000
[2020-6-4 13:56:55:979] 0.000 0.000 0 656 0.000 0 787 0.000 0 787 0.000 0 909 0.000
[2020-6-4 13:56:55:998] 0.000 0.000 0 656 0.000 0 787 0.000 0 787 0.000 0 909 0.000
[2020-6-4 13:56:56:17] 0.000 0.000 0 656 0.000 0 787 0.000 0 787 0.000 0 909 0.000
[2020-6-4 13:56:56:35] 0.000 0.000 0 656 0.000 0 787 0.000 0 787 0.000 0 909 0.000
[2020-6-4 13:56:56:55] 0.000 0.000 0 656 0.000 0 787 0.000 0 787 0.000 0 909 0.000
[2020-6-4 13:56:56:74] 0.000 0.000 0 656 0.000 0 787 0.000 0 787 0.000 0 909 0.000
[2020-6-4 13:56:56:93] 0.000 0.000 0 656 0.000 0 787 0.000 0 787 0.000 0 909 0.000
[2020-6-4 13:56:56:112] 0.000 0.000 0 656 0.000 0 787 0.000 0 787 0.000 0 909 0.000
[2020-6-4 13:56:56:131] 0.000 0.000 0 656 0.000 0 787 0.000 0 787 0.000 0 909 0.000
[2020-6-4 13:56:56:150] 0.000 0.000 0 656 0.000 0 787 0.000 0 787 0.000 0 909 0.000
[2020-6-4 13:56:56:169] 0.000 0.000 0 656 0.000 0 787 0.000 0 787 0.000 0 909 0.000
[2020-6-4 13:56:56:188] 0.000 0.000 0 656 0.000 0 787 0.000 0 787 0.000 0 909 0.000
[2020-6-4 13:56:56:206] 0.000 0.000 0 656 0.000 0 787 0.000 0 787 0.000 0 909 0.000
[2020-6-4 13:56:56:225] 0.000 0.000 0 656 0.000 0 787 0.000 0 787 0.000 0 909 0.000
[2020-6-4 13:56:56:244] 0.000 0.000 0 656 0.000 0 787 0.000 0 787 0.000 0 909 0.000
[2020-6-4 13:56:56:263] 0.000 0.000 0 656 0.000 0 787 0.000 0 787 0.000 0 909 0.000
[2020-6-4 13:56:56:282] 0.000 0.000 0 656 0.000 0 787 0.000 0 787 0.000 0 909 0.000
[2020-6-4 13:56:56:301] 0.000 0.000 0 656 0.000 0 787 0.000 0 787 0.000 0 909 0.000
[2020-6-4 13:56:56:320] 0.000 0.000 0 656 0.000 0 787 0.000 0 787 0.000 0 909 0.000
[2020-6-4 13:56:56:339] 0.000 0.000 0 656 0.000 0 787 0.000 0 787 0.000 0 909 0.000
[2020-6-4 13:56:56:358] 0.000 0.000 0 656 0.000 0 787 0.000 0 787 0.000 0 909 0.000
[2020-6-4 13:56:56:377] 0.000 0.000 0 656 0.000 0 787 0.000 0 787 0.000 0 909 0.000
[2020-6-4 13:56:56:396] 0.000 0.000 0 656 0.000 0 787 0.000 0 787 0.000 0 909 0.000
[2020-6-4 13:56:56:415] 0.000 0.000 0 656 0.000 0 787 0.000 0 787 0.000 0 909 0.000
[2020-6-4 13:56:56:434] 0.000 0.000 0 656 0.000 0 787 0.000 0 787 0.000 0 909 0.000
[2020-6-4 13:56:56:453] 0.000 0.000 0 656 0.000 0 787 0.000 0 787 0.000 0 909 0.000
[2020-6-4 13:56:56:472] 0.000 0.000 0 656 0.000 0 787 0.000 0 787 0.000 0 909 0.000
[2020-6-4 13:56:56:491] 0.000 0.000 0 656 0.000 0 787 0.000 0 787 0.000 0 909 0.000
[2020-6-4 13:56:56:510] 0.000 0.000 0 656 0.000 0 787 0.000 0 787 0.000 0 909 0.000
[2020-6-4 13:56:56:528] 0.000 0.000 0 656 0.000 0 787 0.000 0 787 0.000 0 909 0.000
[2020-6-4 13:56:56:547] 0.000 0.000 0 656 0.000 0 787 0.000 0 787 0.000 0 909 0.000
[2020-6-4 13:56:56:565] 0.000 0.000 0 656 0.000 0 787 0.000 0 787 0.000 0 909 0.000
[2020-6-4 13:56:56:584] 0.000 0.000 0 656 0.000 0 787 0.000 0 787 0.000 0 909 0.000
[2020-6-4 13:56:56:602] 0.000 0.000 0 656 0.000 0 787 0.000 0 787 0.000 0 909 0.000
[2020-6-4 13:56:56:621] 0.000 0.000 0 656 0.000 0 787 0.000 0 787 0.000 0 909 0.000
[2020-6-4 13:56:56:640] 0.000 0.000 0 656 0.000 0 787 0.000 0 787 0.000 0 909 0.000
[2020-6-4 13:56:56:659] 0.000 0.000 0 656 0.000 0 787 0.000 0 787 0.000 0 909 0.000
[2020-6-4 13:56:56:678] 0.000 0.000 0 656 0.000 0 787 0.000 0 787 0.000 0 909 0.000
[2020-6-4 13:56:56:697] 0.000 0.000 0 656 0.000 0 787 0.000 0 787 0.000 0 909 0.000
[2020-6-4 13:56:56:716] 0.000 0.000 0 656 0.000 0 787 0.000 0 787 0.000 0 909 0.000
[2020-6-4 13:56:56:735] 0.000 0.000 0 656 0.000 0 787 0.000 0 787 0.000 0 909 0.000
[2020-6-4 13:56:56:754] 0.000 0.000 0 656 0.000 0 787 0.000 0 787 0.000 0 909 0.000
[2020-6-4 13:56:56:773] 0.000 0.000 0 656 0.000 0 787 0.000 0 787 0.000 0 909 0.000
[2020-6-4 13:56:56:792] 0.000 0.000 0 656 0.000 0 787 0.000 0 787 0.000 0 909 0.000
[2020-6-4 13:56:56:811] 0.000 0.000 0 656 0.000 0 787 0.000 0 787 0.000 0 909 0.000
[2020-6-4 13:56:56:830] 0.000 0.000 0 656 0.000 0 787 0.000 0 787 0.000 0 909 0.000
[2020-6-4 13:56:56:850] 0.000 0.000 0 656 0.000 0 787 0.000 0 787 0.000 0 909 0.000
[2020-6-4 13:56:56:869] 0.000 0.000 0 656 0.000 0 787 0.000 0 787 0.000 0 909 0.000
[2020-6-4 13:56:56:888] 0.000 0.000 0 656 0.000 0 787 0.000 0 787 0.000 0 909 0.000
[2020-6-4 13:56:56:907] 0.000 0.000 0 656 0.000 0 787 0.000 0 787 0.000 0 909 0.000
[2020-6-4 13:56:56:926] 0.000 0.000 0 656 0.000 0 787 0.000 0 787 0.000 0 909 0.000
[2020-6-4 13:56:56:945] 0.000 0.000 0 656 0.000 0 787 0.000 0 787 0.000 0 909 0.000
[2020-6-4 13:56:56:964] 0.000 0.000 0 656 0.000 0 787 0.000 0 787 0.000 0 909 0.000
[2020-6-4 13:56:56:983] 0.000 0.000 0 656 0.000 0 787 0.000 0 787 0.000 0 909 0.000
[2020-6-4 13:56:56:1003] 0.000 0.000 0 656 0.000 0 787 0.000 0 787 0.000 0 909 0.000
[2020-6-4 13:56:57:22] 0.000 0.000 0 656 0.000 0 787 0.000 0 787 0.000 0 909 0.000
[2020-6-4 13:56:57:40] 0.000 0.000 0 656 0.000 0 787 0.000 0 787 0.000 0 909 0.000
[2020-6-4 13:56:57:59] 0.000 0.000 0 656 0.000 0 787 0.000 0 787 0.000 0 909 0.000
[2020-6-4 13:56:57:78] 0.000 0.000 0 656 0.000 0 787 0.000 0 787 0.000 0 909 0.000
[2020-6-4 13:56:57:97] 0.000 0.000 0 656 0.000 0 787 0.000 0 787 0.000 0 909 0.000
[2020-6-4 13:56:57:116] 0.000 0.000 0 656 0.000 0 787 0.000 0 787 0.000 0 909 0.000
[2020-6-4 13:56:57:135] 0.000 0.000 0 656 0.000 0 787 0.000 0 787 0.000 0 909 0.000
[2020-6-4 13:56:57:154] 0.000 0.000 0 656 0.000 0 787 0.000 0 787 0.000 0 909 0.000
[2020-6-4 13:56:57:173] 0.000 0.000 0 656 0.000 0 787 0.000 0 787 0.000 0 909 0.000
[2020-6-4 13:56:57:192] 0.000 0.000 0 656 0.000 0 787 0.000 0 787 0.000 0 909 0.000
[2020-6-4 13:56:57:211] 0.000 0.000 0 656 0.000 0 787 0.000 0 787 0.000 0 909 0.000
[2020-6-4 13:56:57:230] 0.000 0.000 0 656 0.000 0 787 0.000 0 787 0.000 0 909 0.000
[2020-6-4 13:56:57:249] 0.000 0.000 0 656 0.000 0 787 0.000 0 787 0.000 0 909 0.000
[2020-6-4 13:56:57:268] 0.000 0.000 0 656 0.000 0 787 0.000 0 787 0.000 0 909 0.000
[2020-6-4 13:56:57:288] 0.000 0.000 0 656 0.000 0 787 0.000 0 787 0.000 0 909 0.000
[2020-6-4 13:56:57:307] 0.000 0.000 0 656 0.000 0 787 0.000 0 787 0.000 0 909 0.000
[2020-6-4 13:56:57:326] 0.000 0.000 0 656 0.000 0 787 0.000 0 787 0.000 0 909 0.000
[2020-6-4 13:56:57:345] 0.000 0.000 0 656 0.000 0 787 0.000 0 787 0.000 0 909 0.000
[2020-6-4 13:56:57:364] 0.000 0.000 0 656 0.000 0 787 0.000 0 787 0.000 0 909 0.000
[2020-6-4 13:56:57:383] 0.000 0.000 0 656 0.000 0 787 0.000 0 787 0.000 0 909 0.000
[2020-6-4 13:56:57:402] 0.000 0.000 0 656 0.000 0 787 0.000 0 787 0.000 0 909 0.000
[2020-6-4 13:56:57:422] 0.000 0.000 0 656 0.000 0 787 0.000 0 787 0.000 0 909 0.000
[2020-6-4 13:56:57:441] 0.000 0.000 0 656 0.000 0 787 0.000 0 787 0.000 0 909 0.000
[2020-6-4 13:56:57:460] 0.000 0.000 0 656 0.000 0 787 0.000 0 787 0.000 0 909 0.000
[2020-6-4 13:56:57:479] 0.000 0.000 0 656 0.000 0 787 0.000 0 787 0.000 0 909 0.000
[2020-6-4 13:56:57:498] 0.000 0.000 0 656 0.000 0 787 0.000 0 787 0.000 0 909 0.000
[2020-6-4 13:56:57:517] 0.000 0.000 0 656 0.000 0 787 0.000 0 787 0.000 0 909 0.000
[2020-6-4 13:56:57:536] 0.000 0.000 0 656 0.000 0 787 0.000 0 787 0.000 0 909 0.000
[2020-6-4 13:56:57:555] 0.000 0.000 0 656 0.000 0 787 0.000 0 787 0.000 0 909 0.000
[2020-6-4 13:56:57:574] 0.000 0.000 0 656 0.000 0 787 0.000 0 787 0.000 0 909 0.000
[2020-6-4 13:56:57:593] 0.000 0.000 0 656 0.000 0 787 0.000 0 787 0.000 0 909 0.000
[2020-6-4 13:56:57:612] 0.000 0.000 0 656 0.000 0 787 0.000 0 787 0.000 0 909 0.000
[2020-6-4 13:56:57:631] 0.000 0.000 0 656 0.000 0 787 0.000 0 787 0.000 0 909 0.000
[2020-6-4 13:56:57:650] 0.000 0.000 0 656 0.000 0 787 0.000 0 787 0.000 0 909 0.000
[2020-6-4 13:56:57:670] 0.000 0.000 0 656 0.000 0 787 0.000 0 787 0.000 0 909 0.000
[2020-6-4 13:56:57:689] 0.000 0.000 0 656 0.000 0 787 0.000 0 787 0.000 0 909 0.000
[2020-6-4 13:56:57:708] 0.000 0.000 0 656 0.000 0 787 0.000 0 787 0.000 0 909 0.000
[2020-6-4 13:56:57:727] 0.000 0.000 0 656 0.000 0 787 0.000 0 787 0.000 0 909 0.000
[2020-6-4 13:56:57:746] 0.000 0.000 0 656 0.000 0 787 0.000 0 787 0.000 0 909 0.000
[2020-6-4 13:56:57:765] 0.000 0.000 0 656 0.000 0 787 0.000 0 787 0.000 0 909 0.000
[2020-6-4 13:56:57:784] 0.000 0.000 0 656 0.000 0 787 0.000 0 787 0.000 0 909 0.000
[2020-6-4 13:56:57:804] 0.000 0.000 0 656 0.000 0 787 0.000 0 787 0.000 0 909 0.000
[2020-6-4 13:56:57:823] 0.000 0.000 0 656 0.000 0 787 0.000 0 787 0.000 0 909 0.000
[2020-6-4 13:56:57:842] 0.000 0.000 0 656 0.000 0 787 0.000 0 787 0.000 0 909 0.000
[2020-6-4 13:56:57:861] 0.000 0.000 0 656 0.000 0 787 0.000 0 787 0.000 0 909 0.000
[2020-6-4 13:56:57:880] 0.000 0.000 0 656 0.000 0 787 0.000 0 787 0.000 0 909 0.000
[2020-6-4 13:56:57:899] 0.000 0.000 0 656 0.000 0 787 0.000 0 787 0.000 0 909 0.000
[2020-6-4 13:56:57:918] 0.000 0.000 0 656 0.000 0 787 0.000 0 787 0.000 0 909 0.000
[2020-6-4 13:56:57:937] 0.000 0.000 0 656 0.000 0 787 0.000 0 787 0.000 0 909 0.000
[2020-6-4 13:56:57:956] 0.000 0.000 0 656 0.000 0 787 0.000 0 787 0.000 0 909 0.000
[2020-6-4 13:56:57:975] 0.000 0.000 0 656 0.000 0 787 0.000 0 787 0.000 0 909 0.000
[2020-6-4 13:56:57:994] 0.000 0.000 0 656 0.000 0 787 0.000 0 787 0.000 0 909 0.000
[2020-6-4 13:56:58:13] 0.000 0.000 0 656 0.000 0 787 0.000 0 787 0.000 0 909 0.000
[2020-6-4 13:56:58:32] 0.000 0.000 0 656 0.000 0 787 0.000 0 787 0.000 0 909 0.000
[2020-6-4 13:56:58:51] 0.000 0.000 0 656 0.000 0 787 0.000 0 787 0.000 0 909 0.000
[2020-6-4 13:56:58:70] 0.000 0.000 0 656 0.000 0 787 0.000 0 787 0.000 0 909 0.000
[2020-6-4 13:56:58:89] 0.000 0.000 0 656 0.000 0 787 0.000 0 787 0.000 0 909 0.000
[2020-6-4 13:56:58:108] 0.000 0.000 0 656 0.000 0 787 0.000 0 787 0.000 0 909 0.000
[2020-6-4 13:56:58:128] 0.000 0.000 0 656 0.000 0 787 0.000 0 787 0.000 0 909 0.000
[2020-6-4 13:56:58:147] 0.000 0.000 0 656 0.000 0 787 0.000 0 787 0.000 0 909 0.000
[2020-6-4 13:56:58:165] 0.000 0.000 0 656 0.000 0 787 0.000 0 787 0.000 0 909 0.000
[2020-6-4 13:56:58:185] 0.000 0.000 0 656 0.000 0 787 0.000 0 787 0.000 0 909 0.000
[2020-6-4 13:56:58:204] 0.000 0.000 0 656 0.000 0 787 0.000 0 787 0.000 0 909 0.000
[2020-6-4 13:56:58:223] 0.000 0.000 0 656 0.000 0 787 0.000 0 787 0.000 0 909 0.000
[2020-6-4 13:56:58:241] 0.000 0.000 0 656 0.000 0 787 0.000 0 787 0.000 0 909 0.000
[2020-6-4 13:56:58:260] 0.000 0.000 0 656 0.000 0 787 0.000 0 787 0.000 0 909 0.000
[2020-6-4 13:56:58:279] 0.000 0.000 0 656 0.000 0 787 0.000 0 787 0.000 0 909 0.000
[2020-6-4 13:56:58:298] 0.000 0.000 0 656 0.000 0 787 0.000 0 787 0.000 0 909 0.000
[2020-6-4 13:56:58:318] 0.000 0.000 0 656 0.000 0 787 0.000 0 787 0.000 0 909 0.000
[2020-6-4 13:56:58:337] 0.000 0.000 0 656 0.000 0 787 0.000 0 787 0.000 0 909 0.000
[2020-6-4 13:56:58:356] 0.000 0.000 0 656 0.000 0 787 0.000 0 787 0.000 0 909 0.000
[2020-6-4 13:56:58:375] 0.000 0.000 0 656 0.000 0 787 0.000 0 787 0.000 0 909 0.000
[2020-6-4 13:56:58:394] 0.000 0.000 0 656 0.000 0 787 0.000 0 787 0.000 0 909 0.000
[2020-6-4 13:56:58:413] 0.000 0.000 0 656 0.000 0 787 0.000 0 787 0.000 0 909 0.000
[2020-6-4 13:56:58:432] 0.000 0.000 0 656 0.000 0 787 0.000 0 787 0.000 0 909 0.000
[2020-6-4 13:56:58:451] 0.000 0.000 0 656 0.000 0 787 0.000 0 787 0.000 0 909 0.000
[2020-6-4 13:56:58:470] 0.000 0.000 0 656 0.000 0 787 0.000 0 787 0.000 0 909 0.000
[2020-6-4 13:56:58:488] 0.000 0.000 0 656 0.000 0 787 0.000 0 787 0.000 0 909 0.000
[2020-6-4 13:56:58:507] 0.000 0.000 0 656 0.000 0 787 0.000 0 787 0.000 0 909 0.000
[2020-6-4 13:56:58:525] 0.000 0.000 0 656 0.000 0 787 0.000 0 787 0.000 0 909 0.000
[2020-6-4 13:56:58:544] 0.000 0.000 0 656 0.000 0 787 0.000 0 787 0.000 0 909 0.000
[2020-6-4 13:56:58:563] 0.000 0.000 0 656 0.000 0 787 0.000 0 787 0.000 0 909 0.000
[2020-6-4 13:56:58:582] 0.000 0.000 0 656 0.000 0 787 0.000 0 787 0.000 0 909 0.000
[2020-6-4 13:56:58:601] 0.000 0.000 0 656 0.000 0 787 0.000 0 787 0.000 0 909 0.000
[2020-6-4 13:56:58:620] 0.000 0.000 0 656 0.000 0 787 0.000 0 787 0.000 0 909 0.000
[2020-6-4 13:56:58:639] 0.000 0.000 0 656 0.000 0 787 0.000 0 787 0.000 0 909 0.000
[2020-6-4 13:56:58:658] 0.000 0.000 0 656 0.000 0 787 0.000 0 787 0.000 0 909 0.000
[2020-6-4 13:56:58:677] 0.000 0.000 0 656 0.000 0 787 0.000 0 787 0.000 0 909 0.000
[2020-6-4 13:56:58:697] 0.000 0.000 0 656 0.000 0 787 0.000 0 787 0.000 0 909 0.000
[2020-6-4 13:56:58:716] 0.000 0.000 0 656 0.000 0 787 0.000 0 787 0.000 0 909 0.000
[2020-6-4 13:56:58:735] 0.000 0.000 0 656 0.000 0 787 0.000 0 787 0.000 0 909 0.000
[2020-6-4 13:56:58:754] 0.000 0.000 0 656 0.000 0 787 0.000 0 787 0.000 0 909 0.000
[2020-6-4 13:56:58:773] 0.000 0.000 0 656 0.000 0 787 0.000 0 787 0.000 0 909 0.000
[2020-6-4 13:56:58:791] 0.000 0.000 0 656 0.000 0 787 0.000 0 787 0.000 0 909 0.000
[2020-6-4 13:56:58:810] 0.000 0.000 0 656 0.000 0 787 0.000 0 787 0.000 0 909 0.000
[2020-6-4 13:56:58:830] 0.000 0.000 0 656 0.000 0 787 0.000 0 787 0.000 0 909 0.000
[2020-6-4 13:56:58:848] 0.000 0.000 0 656 0.000 0 787 0.000 0 787 0.000 0 909 0.000
[2020-6-4 13:56:58:867] 0.000 0.000 0 656 0.000 0 787 0.000 0 787 0.000 0 909 0.000
[2020-6-4 13:56:58:886] 0.000 0.000 0 656 0.000 0 787 0.000 0 787 0.000 0 909 0.000
[2020-6-4 13:56:58:905] 0.000 0.000 0 656 0.000 0 787 0.000 0 787 0.000 0 909 0.000
[2020-6-4 13:56:58:924] 0.000 0.000 0 656 0.000 0 787 0.000 0 787 0.000 0 909 0.000
[2020-6-4 13:56:58:943] 0.000 0.000 0 656 0.000 0 787 0.000 0 787 0.000 0 909 0.000
[2020-6-4 13:56:58:962] 0.000 0.000 0 656 0.000 0 787 0.000 0 787 0.000 0 909 0.000
[2020-6-4 13:56:58:982] 0.000 0.000 0 656 0.000 0 787 0.000 0 787 0.000 0 909 0.000
[2020-6-4 13:56:58:1001] 0.000 0.000 0 656 0.000 0 787 0.000 0 787 0.000 0 909 0.000
[2020-6-4 13:56:59:20] 0.000 0.000 0 656 0.000 0 787 0.000 0 787 0.000 0 909 0.000
[2020-6-4 13:56:59:39] 0.000 0.000 0 656 0.000 0 787 0.000 0 787 0.000 0 909 0.000
[2020-6-4 13:56:59:58] 0.000 0.000 0 656 0.000 0 787 0.000 0 787 0.000 0 909 0.000
[2020-6-4 13:56:59:77] 0.000 0.000 0 656 0.000 0 787 0.000 0 787 0.000 0 909 0.000
[2020-6-4 13:56:59:96] 0.000 0.000 0 656 0.000 0 787 0.000 0 787 0.000 0 909 0.000
[2020-6-4 13:56:59:115] 0.000 0.000 0 656 0.000 0 787 0.000 0 787 0.000 0 909 0.000
[2020-6-4 13:56:59:134] 0.000 0.000 0 656 0.000 0 787 0.000 0 787 0.000 0 909 0.000
[2020-6-4 13:56:59:153] 0.000 0.000 0 656 0.000 0 787 0.000 0 787 0.000 0 909 0.000
[2020-6-4 13:56:59:172] 0.000 0.000 0 656 0.000 0 787 0.000 0 787 0.000 0 909 0.000
[2020-6-4 13:56:59:191] 0.000 0.000 0 656 0.000 0 787 0.000 0 787 0.000 0 909 0.000
[2020-6-4 13:56:59:210] 0.000 0.000 0 656 0.000 0 787 0.000 0 787 0.000 0 909 0.000
[2020-6-4 13:56:59:229] 0.000 0.000 0 656 0.000 0 787 0.000 0 787 0.000 0 909 0.000
[2020-6-4 13:56:59:248] 0.000 0.000 0 656 0.000 0 787 0.000 0 787 0.000 0 909 0.000
[2020-6-4 13:56:59:267] 0.000 0.000 0 656 0.000 0 787 0.000 0 787 0.000 0 909 0.000
[2020-6-4 13:56:59:286] 0.000 0.000 0 656 0.000 0 787 0.000 0 787 0.000 0 909 0.000
[2020-6-4 13:56:59:305] 0.000 0.000 0 656 0.000 0 787 0.000 0 787 0.000 0 909 0.000
[2020-6-4 13:56:59:324] 0.000 0.000 0 656 0.000 0 787 0.000 0 787 0.000 0 909 0.000
[2020-6-4 13:56:59:343] 0.000 0.000 0 656 0.000 0 787 0.000 0 787 0.000 0 909 0.000
[2020-6-4 13:56:59:362] 0.000 0.000 0 656 0.000 0 787 0.000 0 787 0.000 0 909 0.000
[2020-6-4 13:56:59:381] 0.000 0.000 0 656 0.000 0 787 0.000 0 787 0.000 0 909 0.000
[2020-6-4 13:56:59:400] 0.000 0.000 0 656 0.000 0 787 0.000 0 787 0.000 0 909 0.000
[2020-6-4 13:56:59:420] 0.000 0.000 0 656 0.000 0 787 0.000 0 787 0.000 0 909 0.000
[2020-6-4 13:56:59:439] 0.000 0.000 0 656 0.000 0 787 0.000 0 787 0.000 0 909 0.000
[2020-6-4 13:56:59:458] 0.000 0.000 0 656 0.000 0 787 0.000 0 787 0.000 0 909 0.000
[2020-6-4 13:56:59:477] 0.000 0.000 0 656 0.000 0 787 0.000 0 787 0.000 0 909 0.000
[2020-6-4 13:56:59:496] 0.000 0.000 0 656 0.000 0 787 0.000 0 787 0.000 0 909 0.000
[2020-6-4 13:56:59:515] 0.000 0.000 0 656 0.000 0 787 0.000 0 787 0.000 0 909 0.000
[2020-6-4 13:56:59:534] 0.000 0.000 0 656 0.000 0 787 0.000 0 787 0.000 0 909 0.000
[2020-6-4 13:56:59:553] 0.000 0.000 0 656 0.000 0 787 0.000 0 787 0.000 0 909 0.000
[2020-6-4 13:56:59:572] 0.000 0.000 0 656 0.000 0 787 0.000 0 787 0.000 0 909 0.000
[2020-6-4 13:56:59:591] 0.000 0.000 0 656 0.000 0 787 0.000 0 787 0.000 0 909 0.000
[2020-6-4 13:56:59:611] 0.000 0.000 0 656 0.000 0 787 0.000 0 787 0.000 0 909 0.000
[2020-6-4 13:56:59:630] 0.000 0.000 0 656 0.000 0 787 0.000 0 787 0.000 0 909 0.000
[2020-6-4 13:56:59:649] 0.000 0.000 0 656 0.000 0 787 0.000 0 787 0.000 0 909 0.000
[2020-6-4 13:56:59:668] 0.000 0.000 0 656 0.000 0 787 0.000 0 787 0.000 0 909 0.000
[2020-6-4 13:56:59:687] 0.000 0.000 0 656 0.000 0 787 0.000 0 787 0.000 0 909 0.000
[2020-6-4 13:56:59:706] 0.000 0.000 0 656 0.000 0 787 0.000 0 787 0.000 0 909 0.000
[2020-6-4 13:56:59:725] 0.000 0.000 0 656 0.000 0 787 0.000 0 787 0.000 0 909 0.000
[2020-6-4 13:56:59:744] 0.000 0.000 0 656 0.000 0 787 0.000 0 787 0.000 0 909 0.000
[2020-6-4 13:56:59:764] 0.000 0.000 0 656 0.000 0 787 0.000 0 787 0.000 0 909 0.000
[2020-6-4 13:56:59:783] 0.000 0.000 0 656 0.000 0 787 0.000 0 787 0.000 0 909 0.000
[2020-6-4 13:56:59:802] 0.000 0.000 0 656 0.000 0 787 0.000 0 787 0.000 0 909 0.000
[2020-6-4 13:56:59:821] 0.000 0.000 0 656 0.000 0 787 0.000 0 787 0.000 0 909 0.000
[2020-6-4 13:56:59:840] 0.000 0.000 0 656 0.000 0 787 0.000 0 787 0.000 0 909 0.000
[2020-6-4 13:56:59:859] 0.000 0.000 0 656 0.000 0 787 0.000 0 787 0.000 0 909 0.000
[2020-6-4 13:56:59:878] 0.000 0.000 0 656 0.000 0 787 0.000 0 787 0.000 0 909 0.000
[2020-6-4 13:56:59:897] 0.000 0.000 0 656 0.000 0 787 0.000 0 787 0.000 0 909 0.000
[2020-6-4 13:56:59:917] 0.000 0.000 0 656 0.000 0 787 0.000 0 787 0.000 0 909 0.000
[2020-6-4 13:56:59:936] 0.000 0.000 0 656 0.000 0 787 0.000 0 787 0.000 0 909 0.000
[2020-6-4 13:56:59:955] 0.000 0.000 0 656 0.000 0 787 0.000 0 787 0.000 0 909 0.000
[2020-6-4 13:56:59:974] 0.000 0.000 0 656 0.000 0 787 0.000 0 787 0.000 0 909 0.000
[2020-6-4 13:56:59:993] 0.000 0.000 0 656 0.000 0 787 0.000 0 787 0.000 0 909 0.000
[2020-6-4 13:57:0:12] 0.000 0.000 0 656 0.000 0 787 0.000 0 787 0.000 0 909 0.000
[2020-6-4 13:57:0:31] 0.000 0.000 0 656 0.000 0 787 0.000 0 787 0.000 0 909 0.000
[2020-6-4 13:57:0:51] 0.000 0.000 0 656 0.000 0 787 0.000 0 787 0.000 0 909 0.000
[2020-6-4 13:57:0:70] 0.000 0.000 0 656 0.000 0 787 0.000 0 787 0.000 0 909 0.000
[2020-6-4 13:57:0:89] 0.000 0.000 0 656 0.000 0 787 0.000 0 787 0.000 0 909 0.000
[2020-6-4 13:57:0:108] 0.000 0.000 0 656 0.000 0 787 0.000 0 787 0.000 0 909 0.000
[2020-6-4 13:57:0:127] 0.000 0.000 0 656 0.000 0 787 0.000 0 787 0.000 0 909 0.000
[2020-6-4 13:57:0:146] 0.000 0.000 0 656 0.000 0 787 0.000 0 787 0.000 0 909 0.000
[2020-6-4 13:57:0:165] 0.000 0.000 0 656 0.000 0 787 0.000 0 787 0.000 0 909 0.000
[2020-6-4 13:57:0:184] 0.000 0.000 0 656 0.000 0 787 0.000 0 787 0.000 0 909 0.000
[2020-6-4 13:57:0:203] 0.000 0.000 0 656 0.000 0 787 0.000 0 787 0.000 0 909 0.000
[2020-6-4 13:57:0:222] 0.000 0.000 0 656 0.000 0 787 0.000 0 787 0.000 0 909 0.000
[2020-6-4 13:57:0:241] 0.000 0.000 0 656 0.000 0 787 0.000 0 787 0.000 0 909 0.000
[2020-6-4 13:57:0:260] 0.000 0.000 0 656 0.000 0 787 0.000 0 787 0.000 0 909 0.000
[2020-6-4 13:57:0:279] 0.000 0.000 0 656 0.000 0 787 0.000 0 787 0.000 0 909 0.000
[2020-6-4 13:57:0:298] 0.000 0.000 0 656 0.000 0 787 0.000 0 787 0.000 0 909 0.000
[2020-6-4 13:57:0:317] 0.000 0.000 0 656 0.000 0 787 0.000 0 787 0.000 0 909 0.000
[2020-6-4 13:57:0:336] 0.000 0.000 0 656 0.000 0 787 0.000 0 787 0.000 0 909 0.000
[2020-6-4 13:57:0:355] 0.000 0.000 0 656 0.000 0 787 0.000 0 787 0.000 0 909 0.000
[2020-6-4 13:57:0:374] 0.000 0.000 0 656 0.000 0 787 0.000 0 787 0.000 0 909 0.000
[2020-6-4 13:57:0:393] 0.000 0.000 0 656 0.000 0 787 0.000 0 787 0.000 0 909 0.000
[2020-6-4 13:57:0:412] 0.000 0.000 0 656 0.000 0 787 0.000 0 787 0.000 0 909 0.000
[2020-6-4 13:57:0:431] 0.000 0.000 0 656 0.000 0 787 0.000 0 787 0.000 0 909 0.000
[2020-6-4 13:57:0:450] 0.000 0.000 0 656 0.000 0 787 0.000 0 787 0.000 0 909 0.000
